EID TID QID A D S W STATE PROC OBS_A OBS_D CMP
0 0 0  0.00000 2.29259 2.29259 0.00000 0 0 1 1 NA
1 1 0  0.00000 4.31450 2.02192 2.29259 0 0 1 1 NA
2 2 0  0.00000 5.90477 1.59027 4.31450 0 0 1 1 NA
3 3 0  0.00000 8.38246 2.47769 5.90477 0 0 1 1 NA
4 4 0  0.00000 10.04362 1.66116 8.38246 0 0 1 1 NA
5 5 0  0.00000 11.86707 1.82345 10.04362 0 0 1 1 NA
6 6 0  0.00000 14.30450 2.43744 11.86707 0 0 1 1 NA
7 7 0  0.00000 15.58946 1.28496 14.30450 0 0 1 1 NA
8 8 0  0.00000 17.76990 2.18044 15.58946 0 0 1 1 NA
9 9 0  0.00000 20.06882 2.29892 17.76990 0 0 1 1 NA
10 10 0  0.00000 22.34434 2.27552 20.06882 0 0 1 1 NA
11 11 0  0.00000 24.30991 1.96557 22.34434 0 0 1 1 NA
12 12 0  0.00000 26.01060 1.70068 24.30991 0 0 1 1 NA
13 13 0  0.00000 27.81498 1.80438 26.01060 0 0 1 1 NA
14 14 0  0.00000 31.06985 3.25487 27.81498 0 0 1 1 NA
15 15 0  0.00000 33.35288 2.28303 31.06985 0 0 1 1 NA
16 16 0  0.00000 35.20534 1.85247 33.35288 0 0 1 1 NA
17 17 0  0.00000 36.90397 1.69862 35.20534 0 0 1 1 NA
18 18 0  0.00000 39.13937 2.23540 36.90397 0 0 1 1 NA
19 19 0  0.00000 41.44091 2.30153 39.13937 0 0 1 1 NA
20 20 0  0.00000 43.44673 2.00582 41.44091 0 0 1 1 NA
21 21 0  0.00000 45.63864 2.19191 43.44673 0 0 1 1 NA
22 22 0  0.00000 47.64104 2.00240 45.63864 0 0 1 1 NA
23 23 0  0.00000 50.98712 3.34608 47.64104 0 0 1 1 NA
24 24 0  0.00000 53.76659 2.77947 50.98712 0 0 1 1 NA
25 25 0  0.00000 55.82210 2.05552 53.76659 0 0 1 1 NA
26 26 0  0.00000 57.65660 1.83450 55.82210 0 0 1 1 NA
27 27 0  0.00000 59.68800 2.03140 57.65660 0 0 1 1 NA
28 28 0  0.00000 62.08112 2.39312 59.68800 0 0 1 1 NA
29 29 0  0.00000 64.05604 1.97493 62.08112 0 0 1 1 NA
30 30 0  0.00000 66.24066 2.18462 64.05604 0 0 1 1 NA
31 31 0  0.00000 68.01726 1.77660 66.24066 0 0 1 1 NA
32 32 0  0.00000 69.74924 1.73198 68.01726 0 0 1 1 NA
33 33 0  0.00000 71.63043 1.88119 69.74924 0 0 1 1 NA
34 34 0  0.00000 73.72640 2.09597 71.63043 0 0 1 1 NA
35 35 0  0.00000 76.06965 2.34325 73.72640 0 0 1 1 NA
36 36 0  0.00000 78.68691 2.61726 76.06965 0 0 1 1 NA
37 37 0  0.00000 80.13014 1.44323 78.68691 0 0 1 1 NA
38 38 0  0.00000 82.21191 2.08177 80.13014 0 0 1 1 NA
39 39 0  0.00000 84.13422 1.92231 82.21191 0 0 1 1 NA
40 40 0  0.00000 87.65580 3.52158 84.13422 0 0 1 1 NA
41 41 0  0.00000 89.38190 1.72610 87.65580 0 0 1 1 NA
42 42 0  0.00000 91.75213 2.37022 89.38190 0 0 1 1 NA
43 43 0  0.00000 94.33671 2.58458 91.75213 0 0 1 1 NA
44 44 0  0.00000 96.00038 1.66367 94.33671 0 0 1 1 NA
45 45 0  0.00000 97.88699 1.88661 96.00038 0 0 1 1 NA
46 46 0  0.00000 100.27968 2.39269 97.88699 0 0 1 1 NA
47 47 0  0.00000 101.85405 1.57437 100.27968 0 0 1 1 NA
48 48 0  0.00000 103.95124 2.09719 101.85405 0 0 1 1 NA
49 49 0  0.00000 106.06156 2.11032 103.95124 0 0 1 1 NA
50 50 0  0.00000 107.25718 1.19562 106.06156 0 0 1 1 NA
51 51 0  0.00000 108.65271 1.39552 107.25718 0 0 1 1 NA
52 52 0  0.00000 110.67412 2.02141 108.65271 0 0 1 1 NA
53 53 0  0.00000 112.20743 1.53331 110.67412 0 0 1 1 NA
54 54 0  0.00000 115.11554 2.90811 112.20743 0 0 1 1 NA
55 55 0  0.00000 117.07461 1.95908 115.11554 0 0 1 1 NA
56 56 0  0.00000 118.51930 1.44468 117.07461 0 0 1 1 NA
57 57 0  0.00000 121.13298 2.61368 118.51930 0 0 1 1 NA
58 58 0  0.00000 123.04451 1.91153 121.13298 0 0 1 1 NA
59 59 0  0.00000 124.89290 1.84839 123.04451 0 0 1 1 NA
60 60 0  0.00000 127.51695 2.62405 124.89290 0 0 1 1 NA
61 61 0  0.00000 129.39085 1.87391 127.51695 0 0 1 1 NA
62 62 0  0.00000 131.09342 1.70257 129.39085 0 0 1 1 NA
63 63 0  0.00000 132.57204 1.47862 131.09342 0 0 1 1 NA
64 64 0  0.00000 134.69179 2.11976 132.57204 0 0 1 1 NA
65 65 0  0.00000 136.77834 2.08654 134.69179 0 0 1 1 NA
66 66 0  0.00000 138.57670 1.79836 136.77834 0 0 1 1 NA
67 67 0  0.00000 140.12428 1.54758 138.57670 0 0 1 1 NA
68 68 0  0.00000 142.51739 2.39311 140.12428 0 0 1 1 NA
69 69 0  0.00000 144.81939 2.30199 142.51739 0 0 1 1 NA
70 70 0  0.00000 147.36056 2.54117 144.81939 0 0 1 1 NA
71 71 0  0.00000 149.79608 2.43552 147.36056 0 0 1 1 NA
72 72 0  0.00000 152.62857 2.83249 149.79608 0 0 1 1 NA
73 73 0  0.00000 154.41196 1.78339 152.62857 0 0 1 1 NA
74 74 0  0.00000 155.99949 1.58753 154.41196 0 0 1 1 NA
75 75 0  0.00000 158.55045 2.55096 155.99949 0 0 1 1 NA
76 76 0  0.00000 161.96613 3.41568 158.55045 0 0 1 1 NA
77 77 0  0.00000 163.20444 1.23831 161.96613 0 0 1 1 NA
78 78 0  0.00000 165.61686 2.41243 163.20444 0 0 1 1 NA
79 79 0  0.00000 168.48755 2.87068 165.61686 0 0 1 1 NA
80 80 0  0.00000 170.90425 2.41671 168.48755 0 0 1 1 NA
81 81 0  0.00000 172.80257 1.89832 170.90425 0 0 1 1 NA
82 82 0  0.00000 174.61812 1.81555 172.80257 0 0 1 1 NA
83 83 0  0.00000 176.76133 2.14321 174.61812 0 0 1 1 NA
84 84 0  0.00000 178.31402 1.55269 176.76133 0 0 1 1 NA
85 85 0  0.00000 180.03769 1.72367 178.31402 0 0 1 1 NA
86 86 0  0.00000 181.88239 1.84470 180.03769 0 0 1 1 NA
87 87 0  0.00000 183.92050 2.03811 181.88239 0 0 1 1 NA
88 88 0  0.00000 185.25091 1.33041 183.92050 0 0 1 1 NA
89 89 0  0.00000 187.03142 1.78051 185.25091 0 0 1 1 NA
90 90 0  0.00000 188.54399 1.51258 187.03142 0 0 1 1 NA
91 91 0  0.00000 190.16978 1.62578 188.54399 0 0 1 1 NA
92 92 0  0.00000 192.10567 1.93589 190.16978 0 0 1 1 NA
93 93 0  0.00000 194.71550 2.60983 192.10567 0 0 1 1 NA
94 94 0  0.00000 196.44575 1.73025 194.71550 0 0 1 1 NA
95 95 0  0.00000 198.23529 1.78955 196.44575 0 0 1 1 NA
96 96 0  0.00000 199.62150 1.38620 198.23529 0 0 1 1 NA
97 97 0  0.00000 202.06612 2.44462 199.62150 0 0 1 1 NA
98 98 0  0.00000 204.38257 2.31646 202.06612 0 0 1 1 NA
99 99 0  0.00000 206.33477 1.95219 204.38257 0 0 1 1 NA
100 100 0  0.00000 207.57010 1.23533 206.33477 0 0 1 1 NA
101 101 0  0.00000 209.31735 1.74725 207.57010 0 0 1 1 NA
102 102 0  0.00000 211.17876 1.86142 209.31735 0 0 1 1 NA
103 103 0  0.00000 212.60547 1.42671 211.17876 0 0 1 1 NA
104 104 0  0.00000 214.40653 1.80106 212.60547 0 0 1 1 NA
105 105 0  0.00000 216.01162 1.60509 214.40653 0 0 1 1 NA
106 106 0  0.00000 217.93503 1.92341 216.01162 0 0 1 1 NA
107 107 0  0.00000 219.11605 1.18102 217.93503 0 0 1 1 NA
108 108 0  0.00000 220.81265 1.69659 219.11605 0 0 1 1 NA
109 109 0  0.00000 222.66440 1.85175 220.81265 0 0 1 1 NA
110 110 0  0.00000 224.37296 1.70857 222.66440 0 0 1 1 NA
111 111 0  0.00000 227.10994 2.73698 224.37296 0 0 1 1 NA
112 112 0  0.00000 228.94254 1.83260 227.10994 0 0 1 1 NA
113 113 0  0.00000 230.57900 1.63646 228.94254 0 0 1 1 NA
114 114 0  0.00000 232.38800 1.80899 230.57900 0 0 1 1 NA
115 115 0  0.00000 234.45982 2.07182 232.38800 0 0 1 1 NA
116 116 0  0.00000 236.56757 2.10776 234.45982 0 0 1 1 NA
117 117 0  0.00000 238.68460 2.11703 236.56757 0 0 1 1 NA
118 118 0  0.00000 240.22927 1.54467 238.68460 0 0 1 1 NA
119 119 0  0.00000 241.56401 1.33473 240.22927 0 0 1 1 NA
120 120 0  0.00000 242.77909 1.21508 241.56401 0 0 1 1 NA
121 121 0  0.00000 244.58277 1.80368 242.77909 0 0 1 1 NA
122 122 0  0.00000 246.18787 1.60510 244.58277 0 0 1 1 NA
123 123 0  0.00000 248.84091 2.65304 246.18787 0 0 1 1 NA
124 124 0  0.00000 251.68594 2.84503 248.84091 0 0 1 1 NA
125 125 0  0.00000 253.32105 1.63511 251.68594 0 0 1 1 NA
126 126 0  0.00000 254.97632 1.65527 253.32105 0 0 1 1 NA
127 127 0  0.00000 256.76256 1.78624 254.97632 0 0 1 1 NA
128 128 0  0.00000 259.40689 2.64433 256.76256 0 0 1 1 NA
129 129 0  0.00000 261.45172 2.04484 259.40689 0 0 1 1 NA
130 130 0  0.00000 264.08165 2.62993 261.45172 0 0 1 1 NA
131 131 0  0.00000 265.40078 1.31913 264.08165 0 0 1 1 NA
132 132 0  0.00000 266.97775 1.57697 265.40078 0 0 1 1 NA
133 133 0  0.00000 268.46254 1.48479 266.97775 0 0 1 1 NA
134 134 0  0.00000 270.44163 1.97909 268.46254 0 0 1 1 NA
135 135 0  0.00000 272.66599 2.22435 270.44163 0 0 1 1 NA
136 136 0  0.00000 274.54986 1.88387 272.66599 0 0 1 1 NA
137 137 0  0.00000 277.01673 2.46687 274.54986 0 0 1 1 NA
138 138 0  0.00000 279.27452 2.25779 277.01673 0 0 1 1 NA
139 139 0  0.00000 281.30651 2.03199 279.27452 0 0 1 1 NA
140 140 0  0.00000 283.60444 2.29793 281.30651 0 0 1 1 NA
141 141 0  0.00000 286.10590 2.50146 283.60444 0 0 1 1 NA
142 142 0  0.00000 288.19189 2.08599 286.10590 0 0 1 1 NA
143 143 0  0.00000 289.96665 1.77477 288.19189 0 0 1 1 NA
144 144 0  0.00000 292.35607 2.38942 289.96665 0 0 1 1 NA
145 145 0  0.00000 294.52938 2.17331 292.35607 0 0 1 1 NA
146 146 0  0.00000 296.05800 1.52862 294.52938 0 0 1 1 NA
147 147 0  0.00000 297.29798 1.23998 296.05800 0 0 1 1 NA
148 148 0  0.00000 299.15211 1.85413 297.29798 0 0 1 1 NA
149 149 0  0.00000 300.90375 1.75164 299.15211 0 0 1 1 NA
150 150 0  0.00000 303.02500 2.12125 300.90375 0 0 1 1 NA
151 151 0  0.00000 304.28371 1.25871 303.02500 0 0 1 1 NA
152 152 0  0.00000 306.41483 2.13111 304.28371 0 0 1 1 NA
153 153 0  0.00000 308.43310 2.01828 306.41483 0 0 1 1 NA
154 154 0  0.00000 310.73151 2.29841 308.43310 0 0 1 1 NA
155 155 0  0.00000 313.17767 2.44615 310.73151 0 0 1 1 NA
156 156 0  0.00000 315.22709 2.04942 313.17767 0 0 1 1 NA
157 157 0  0.00000 317.00657 1.77948 315.22709 0 0 1 1 NA
158 158 0  0.00000 318.74186 1.73529 317.00657 0 0 1 1 NA
159 159 0  0.00000 320.27190 1.53004 318.74186 0 0 1 1 NA
160 160 0  0.00000 322.11547 1.84357 320.27190 0 0 1 1 NA
161 161 0  0.00000 324.19786 2.08240 322.11547 0 0 1 1 NA
162 162 0  0.00000 326.32682 2.12895 324.19786 0 0 1 1 NA
163 163 0  0.00000 328.36376 2.03694 326.32682 0 0 1 1 NA
164 164 0  0.00000 331.07319 2.70943 328.36376 0 0 1 1 NA
165 165 0  0.00000 333.79173 2.71854 331.07319 0 0 1 1 NA
166 166 0  0.00000 336.79937 3.00764 333.79173 0 0 1 1 NA
167 167 0  0.00000 338.83508 2.03571 336.79937 0 0 1 1 NA
168 168 0  0.00000 340.45639 1.62131 338.83508 0 0 1 1 NA
169 169 0  0.00000 341.78441 1.32802 340.45639 0 0 1 1 NA
170 170 0  0.00000 343.91853 2.13412 341.78441 0 0 1 1 NA
171 171 0  0.00000 345.81526 1.89672 343.91853 0 0 1 1 NA
172 172 0  0.00000 348.55975 2.74449 345.81526 0 0 1 1 NA
173 173 0  0.00000 350.74694 2.18720 348.55975 0 0 1 1 NA
174 174 0  0.00000 352.31585 1.56891 350.74694 0 0 1 1 NA
175 175 0  0.00000 354.25794 1.94209 352.31585 0 0 1 1 NA
176 176 0  0.00000 356.05304 1.79509 354.25794 0 0 1 1 NA
177 177 0  0.00000 357.92558 1.87254 356.05304 0 0 1 1 NA
178 178 0  0.00000 360.04760 2.12202 357.92558 0 0 1 1 NA
179 179 0  0.00000 361.97468 1.92707 360.04760 0 0 1 1 NA
180 180 0  0.00000 364.54932 2.57465 361.97468 0 0 1 1 NA
181 181 0  0.00000 367.17221 2.62289 364.54932 0 0 1 1 NA
182 182 0  0.00000 369.00025 1.82803 367.17221 0 0 1 1 NA
183 183 0  0.00000 370.74756 1.74732 369.00025 0 0 1 1 NA
184 184 0  0.00000 372.83238 2.08481 370.74756 0 0 1 1 NA
185 185 0  0.00000 374.72477 1.89239 372.83238 0 0 1 1 NA
186 186 0  0.00000 377.01222 2.28745 374.72477 0 0 1 1 NA
187 187 0  0.00000 379.15195 2.13973 377.01222 0 0 1 1 NA
188 188 0  0.00000 381.62491 2.47297 379.15195 0 0 1 1 NA
189 189 0  0.00000 384.36761 2.74269 381.62491 0 0 1 1 NA
190 190 0  0.00000 386.47959 2.11198 384.36761 0 0 1 1 NA
191 191 0  0.00000 389.32941 2.84982 386.47959 0 0 1 1 NA
192 192 0  0.00000 391.28718 1.95777 389.32941 0 0 1 1 NA
193 193 0  0.00000 392.94746 1.66028 391.28718 0 0 1 1 NA
194 194 0  0.00000 395.10193 2.15447 392.94746 0 0 1 1 NA
195 195 0  0.00000 396.65068 1.54875 395.10193 0 0 1 1 NA
196 196 0  0.00000 399.11465 2.46397 396.65068 0 0 1 1 NA
197 197 0  0.00000 401.96743 2.85278 399.11465 0 0 1 1 NA
198 198 0  0.00000 403.13773 1.17030 401.96743 0 0 1 1 NA
199 199 0  0.00000 405.20357 2.06584 403.13773 0 0 1 1 NA
200 200 0  0.00000 407.03674 1.83317 405.20357 0 0 1 1 NA
201 201 0  0.00000 408.93107 1.89433 407.03674 0 0 1 1 NA
202 202 0  0.00000 411.30230 2.37123 408.93107 0 0 1 1 NA
203 203 0  0.00000 413.38028 2.07798 411.30230 0 0 1 1 NA
204 204 0  0.00000 415.17351 1.79324 413.38028 0 0 1 1 NA
205 205 0  0.00000 416.83545 1.66194 415.17351 0 0 1 1 NA
206 206 0  0.00000 419.34372 2.50827 416.83545 0 0 1 1 NA
207 207 0  0.00000 421.53405 2.19033 419.34372 0 0 1 1 NA
208 208 0  0.00000 423.34959 1.81553 421.53405 0 0 1 1 NA
209 209 0  0.00000 426.26374 2.91415 423.34959 0 0 1 1 NA
210 210 0  0.00000 428.45475 2.19102 426.26374 0 0 1 1 NA
211 211 0  0.00000 430.81526 2.36050 428.45475 0 0 1 1 NA
212 212 0  0.00000 432.69096 1.87570 430.81526 0 0 1 1 NA
213 213 0  0.00000 434.48287 1.79191 432.69096 0 0 1 1 NA
214 214 0  0.00000 436.18538 1.70251 434.48287 0 0 1 1 NA
215 215 0  0.00000 439.01383 2.82845 436.18538 0 0 1 1 NA
216 216 0  0.00000 441.50841 2.49458 439.01383 0 0 1 1 NA
217 217 0  0.00000 443.22134 1.71293 441.50841 0 0 1 1 NA
218 218 0  0.00000 445.64314 2.42180 443.22134 0 0 1 1 NA
219 219 0  0.00000 447.36802 1.72488 445.64314 0 0 1 1 NA
220 220 0  0.00000 448.80173 1.43371 447.36802 0 0 1 1 NA
221 221 0  0.00000 451.43215 2.63042 448.80173 0 0 1 1 NA
222 222 0  0.00000 453.27205 1.83990 451.43215 0 0 1 1 NA
223 223 0  0.00000 454.90617 1.63413 453.27205 0 0 1 1 NA
224 224 0  0.00000 456.58171 1.67554 454.90617 0 0 1 1 NA
225 225 0  0.00000 458.47655 1.89484 456.58171 0 0 1 1 NA
226 226 0  0.00000 460.59319 2.11664 458.47655 0 0 1 1 NA
227 227 0  0.00000 463.39902 2.80582 460.59319 0 0 1 1 NA
228 228 0  0.00000 465.48692 2.08791 463.39902 0 0 1 1 NA
229 229 0  0.00000 468.10001 2.61309 465.48692 0 0 1 1 NA
230 230 0  0.00000 470.85353 2.75352 468.10001 0 0 1 1 NA
231 231 0  0.00000 473.39940 2.54586 470.85353 0 0 1 1 NA
232 232 0  0.00000 475.78419 2.38479 473.39940 0 0 1 1 NA
233 233 0  0.00000 477.43548 1.65129 475.78419 0 0 1 1 NA
234 234 0  0.00000 479.40481 1.96933 477.43548 0 0 1 1 NA
235 235 0  0.00000 481.15010 1.74529 479.40481 0 0 1 1 NA
236 236 0  0.00000 482.68423 1.53413 481.15010 0 0 1 1 NA
237 237 0  0.00000 484.05766 1.37343 482.68423 0 0 1 1 NA
238 238 0  0.00000 485.11341 1.05575 484.05766 0 0 1 1 NA
239 239 0  0.00000 487.13149 2.01808 485.11341 0 0 1 1 NA
240 240 0  0.00000 489.57477 2.44328 487.13149 0 0 1 1 NA
241 241 0  0.00000 491.39129 1.81652 489.57477 0 0 1 1 NA
242 242 0  0.00000 493.66427 2.27298 491.39129 0 0 1 1 NA
243 243 0  0.00000 495.77260 2.10832 493.66427 0 0 1 1 NA
244 244 0  0.00000 497.90453 2.13194 495.77260 0 0 1 1 NA
245 245 0  0.00000 499.85355 1.94901 497.90453 0 0 1 1 NA
246 246 0  0.00000 501.74631 1.89277 499.85355 0 0 1 1 NA
247 247 0  0.00000 503.33003 1.58372 501.74631 0 0 1 1 NA
248 248 0  0.00000 505.86369 2.53365 503.33003 0 0 1 1 NA
249 249 0  0.00000 508.01686 2.15317 505.86369 0 0 1 1 NA
250 250 0  0.00000 509.25314 1.23628 508.01686 0 0 1 1 NA
251 251 0  0.00000 510.80088 1.54774 509.25314 0 0 1 1 NA
252 252 0  0.00000 512.56309 1.76221 510.80088 0 0 1 1 NA
253 253 0  0.00000 513.77678 1.21369 512.56309 0 0 1 1 NA
254 254 0  0.00000 515.35549 1.57871 513.77678 0 0 1 1 NA
255 255 0  0.00000 517.14943 1.79394 515.35549 0 0 1 1 NA
256 256 0  0.00000 519.04591 1.89648 517.14943 0 0 1 1 NA
257 257 0  0.00000 520.59149 1.54558 519.04591 0 0 1 1 NA
258 258 0  0.00000 522.92258 2.33109 520.59149 0 0 1 1 NA
259 259 0  0.00000 524.33987 1.41730 522.92258 0 0 1 1 NA
260 260 0  0.00000 526.30280 1.96292 524.33987 0 0 1 1 NA
261 261 0  0.00000 528.66878 2.36599 526.30280 0 0 1 1 NA
262 262 0  0.00000 530.63533 1.96655 528.66878 0 0 1 1 NA
263 263 0  0.00000 532.76095 2.12561 530.63533 0 0 1 1 NA
264 264 0  0.00000 534.60205 1.84110 532.76095 0 0 1 1 NA
265 265 0  0.00000 537.13801 2.53596 534.60205 0 0 1 1 NA
266 266 0  0.00000 538.76267 1.62466 537.13801 0 0 1 1 NA
267 267 0  0.00000 540.34954 1.58688 538.76267 0 0 1 1 NA
268 268 0  0.00000 542.88446 2.53491 540.34954 0 0 1 1 NA
269 269 0  0.00000 545.00228 2.11782 542.88446 0 0 1 1 NA
270 270 0  0.00000 547.35298 2.35069 545.00228 0 0 1 1 NA
271 271 0  0.00000 549.22121 1.86824 547.35298 0 0 1 1 NA
272 272 0  0.00000 550.81676 1.59554 549.22121 0 0 1 1 NA
273 273 0  0.00000 552.33514 1.51839 550.81676 0 0 1 1 NA
274 274 0  0.00000 555.02622 2.69108 552.33514 0 0 1 1 NA
275 275 0  0.00000 556.28464 1.25842 555.02622 0 0 1 1 NA
276 276 0  0.00000 557.64212 1.35747 556.28464 0 0 1 1 NA
277 277 0  0.00000 560.03776 2.39565 557.64212 0 0 1 1 NA
278 278 0  0.00000 561.94337 1.90561 560.03776 0 0 1 1 NA
279 279 0  0.00000 563.46970 1.52633 561.94337 0 0 1 1 NA
280 280 0  0.00000 564.94173 1.47204 563.46970 0 0 1 1 NA
281 281 0  0.00000 567.16696 2.22523 564.94173 0 0 1 1 NA
282 282 0  0.00000 569.51383 2.34687 567.16696 0 0 1 1 NA
283 283 0  0.00000 571.54427 2.03044 569.51383 0 0 1 1 NA
284 284 0  0.00000 573.55969 2.01542 571.54427 0 0 1 1 NA
285 285 0  0.00000 576.19724 2.63756 573.55969 0 0 1 1 NA
286 286 0  0.00000 577.85231 1.65506 576.19724 0 0 1 1 NA
287 287 0  0.00000 579.53473 1.68243 577.85231 0 0 1 1 NA
288 288 0  0.00000 581.08942 1.55469 579.53473 0 0 1 1 NA
289 289 0  0.00000 583.25026 2.16084 581.08942 0 0 1 1 NA
290 290 0  0.00000 586.07611 2.82585 583.25026 0 0 1 1 NA
291 291 0  0.00000 588.06765 1.99154 586.07611 0 0 1 1 NA
292 292 0  0.00000 590.57764 2.50999 588.06765 0 0 1 1 NA
293 293 0  0.00000 592.65566 2.07801 590.57764 0 0 1 1 NA
294 294 0  0.00000 594.74128 2.08562 592.65566 0 0 1 1 NA
295 295 0  0.00000 596.07753 1.33625 594.74128 0 0 1 1 NA
296 296 0  0.00000 598.43900 2.36148 596.07753 0 0 1 1 NA
297 297 0  0.00000 600.28193 1.84292 598.43900 0 0 1 1 NA
298 298 0  0.00000 602.62810 2.34617 600.28193 0 0 1 1 NA
299 299 0  0.00000 603.81208 1.18398 602.62810 0 0 1 1 NA
300 300 0  0.00000 605.57366 1.76158 603.81208 0 0 1 1 NA
301 301 0  0.00000 608.22030 2.64664 605.57366 0 0 1 1 NA
302 302 0  0.00000 610.14177 1.92147 608.22030 0 0 1 1 NA
303 303 0  0.00000 613.01803 2.87626 610.14177 0 0 1 1 NA
304 304 0  0.00000 615.27479 2.25676 613.01803 0 0 1 1 NA
305 305 0  0.00000 618.47520 3.20041 615.27479 0 0 1 1 NA
306 306 0  0.00000 620.39622 1.92102 618.47520 0 0 1 1 NA
307 307 0  0.00000 622.06745 1.67123 620.39622 0 0 1 1 NA
308 308 0  0.00000 624.49970 2.43225 622.06745 0 0 1 1 NA
309 309 0  0.00000 626.71507 2.21537 624.49970 0 0 1 1 NA
310 310 0  0.00000 628.69421 1.97913 626.71507 0 0 1 1 NA
311 311 0  0.00000 631.05001 2.35581 628.69421 0 0 1 1 NA
312 312 0  0.00000 632.95020 1.90018 631.05001 0 0 1 1 NA
313 313 0  0.00000 634.73722 1.78703 632.95020 0 0 1 1 NA
314 314 0  0.00000 636.76281 2.02559 634.73722 0 0 1 1 NA
315 315 0  0.00000 638.34777 1.58496 636.76281 0 0 1 1 NA
316 316 0  0.00000 640.76067 2.41290 638.34777 0 0 1 1 NA
317 317 0  0.00000 642.62967 1.86900 640.76067 0 0 1 1 NA
318 318 0  0.00000 645.11814 2.48847 642.62967 0 0 1 1 NA
319 319 0  0.00000 647.22953 2.11139 645.11814 0 0 1 1 NA
320 320 0  0.00000 648.52041 1.29089 647.22953 0 0 1 1 NA
321 321 0  0.00000 650.07554 1.55513 648.52041 0 0 1 1 NA
322 322 0  0.00000 651.90991 1.83436 650.07554 0 0 1 1 NA
323 323 0  0.00000 653.61882 1.70891 651.90991 0 0 1 1 NA
324 324 0  0.00000 655.47819 1.85937 653.61882 0 0 1 1 NA
325 325 0  0.00000 657.74737 2.26918 655.47819 0 0 1 1 NA
326 326 0  0.00000 659.88989 2.14252 657.74737 0 0 1 1 NA
327 327 0  0.00000 662.61355 2.72366 659.88989 0 0 1 1 NA
328 328 0  0.00000 664.52495 1.91139 662.61355 0 0 1 1 NA
329 329 0  0.00000 666.21725 1.69230 664.52495 0 0 1 1 NA
330 330 0  0.00000 668.51350 2.29625 666.21725 0 0 1 1 NA
331 331 0  0.00000 670.64282 2.12932 668.51350 0 0 1 1 NA
332 332 0  0.00000 672.88803 2.24521 670.64282 0 0 1 1 NA
333 333 0  0.00000 674.88205 1.99402 672.88803 0 0 1 1 NA
334 334 0  0.00000 677.03563 2.15358 674.88205 0 0 1 1 NA
335 335 0  0.00000 678.86955 1.83392 677.03563 0 0 1 1 NA
336 336 0  0.00000 681.65555 2.78600 678.86955 0 0 1 1 NA
337 337 0  0.00000 683.31847 1.66292 681.65555 0 0 1 1 NA
338 338 0  0.00000 685.62946 2.31099 683.31847 0 0 1 1 NA
339 339 0  0.00000 688.42095 2.79149 685.62946 0 0 1 1 NA
340 340 0  0.00000 690.09529 1.67434 688.42095 0 0 1 1 NA
341 341 0  0.00000 691.79754 1.70225 690.09529 0 0 1 1 NA
342 342 0  0.00000 693.22582 1.42828 691.79754 0 0 1 1 NA
343 343 0  0.00000 695.28042 2.05460 693.22582 0 0 1 1 NA
344 344 0  0.00000 697.25532 1.97490 695.28042 0 0 1 1 NA
345 345 0  0.00000 698.73618 1.48086 697.25532 0 0 1 1 NA
346 346 0  0.00000 701.78297 3.04680 698.73618 0 0 1 1 NA
347 347 0  0.00000 703.53925 1.75628 701.78297 0 0 1 1 NA
348 348 0  0.00000 704.64187 1.10262 703.53925 0 0 1 1 NA
349 349 0  0.00000 707.37804 2.73618 704.64187 0 0 1 1 NA
350 350 0  0.00000 708.38736 1.00931 707.37804 0 0 1 1 NA
351 351 0  0.00000 710.76022 2.37286 708.38736 0 0 1 1 NA
352 352 0  0.00000 712.74254 1.98233 710.76022 0 0 1 1 NA
353 353 0  0.00000 714.61028 1.86773 712.74254 0 0 1 1 NA
354 354 0  0.00000 716.29601 1.68574 714.61028 0 0 1 1 NA
355 355 0  0.00000 718.06233 1.76632 716.29601 0 0 1 1 NA
356 356 0  0.00000 720.03111 1.96878 718.06233 0 0 1 1 NA
357 357 0  0.00000 721.61914 1.58804 720.03111 0 0 1 1 NA
358 358 0  0.00000 723.71190 2.09275 721.61914 0 0 1 1 NA
359 359 0  0.00000 725.61877 1.90687 723.71190 0 0 1 1 NA
360 360 0  0.00000 727.72979 2.11102 725.61877 0 0 1 1 NA
361 361 0  0.00000 729.69810 1.96831 727.72979 0 0 1 1 NA
362 362 0  0.00000 731.34857 1.65047 729.69810 0 0 1 1 NA
363 363 0  0.00000 734.03752 2.68895 731.34857 0 0 1 1 NA
364 364 0  0.00000 736.58694 2.54942 734.03752 0 0 1 1 NA
365 365 0  0.00000 738.45736 1.87041 736.58694 0 0 1 1 NA
366 366 0  0.00000 740.64969 2.19233 738.45736 0 0 1 1 NA
367 367 0  0.00000 743.08411 2.43442 740.64969 0 0 1 1 NA
368 368 0  0.00000 745.85751 2.77340 743.08411 0 0 1 1 NA
369 369 0  0.00000 748.15211 2.29460 745.85751 0 0 1 1 NA
370 370 0  0.00000 749.95720 1.80509 748.15211 0 0 1 1 NA
371 371 0  0.00000 751.19015 1.23295 749.95720 0 0 1 1 NA
372 372 0  0.00000 754.12314 2.93299 751.19015 0 0 1 1 NA
373 373 0  0.00000 756.00170 1.87855 754.12314 0 0 1 1 NA
374 374 0  0.00000 757.72331 1.72161 756.00170 0 0 1 1 NA
375 375 0  0.00000 759.79166 2.06835 757.72331 0 0 1 1 NA
376 376 0  0.00000 761.82079 2.02914 759.79166 0 0 1 1 NA
377 377 0  0.00000 763.98648 2.16569 761.82079 0 0 1 1 NA
378 378 0  0.00000 766.62331 2.63683 763.98648 0 0 1 1 NA
379 379 0  0.00000 768.88143 2.25812 766.62331 0 0 1 1 NA
380 380 0  0.00000 771.42349 2.54206 768.88143 0 0 1 1 NA
381 381 0  0.00000 773.34239 1.91890 771.42349 0 0 1 1 NA
382 382 0  0.00000 775.86907 2.52668 773.34239 0 0 1 1 NA
383 383 0  0.00000 777.25175 1.38268 775.86907 0 0 1 1 NA
384 384 0  0.00000 779.44684 2.19509 777.25175 0 0 1 1 NA
385 385 0  0.00000 781.63407 2.18723 779.44684 0 0 1 1 NA
386 386 0  0.00000 783.62084 1.98678 781.63407 0 0 1 1 NA
387 387 0  0.00000 784.98788 1.36704 783.62084 0 0 1 1 NA
388 388 0  0.00000 786.92188 1.93400 784.98788 0 0 1 1 NA
389 389 0  0.00000 788.67311 1.75123 786.92188 0 0 1 1 NA
390 390 0  0.00000 791.30211 2.62900 788.67311 0 0 1 1 NA
391 391 0  0.00000 793.05968 1.75757 791.30211 0 0 1 1 NA
392 392 0  0.00000 795.26307 2.20339 793.05968 0 0 1 1 NA
393 393 0  0.00000 797.00434 1.74127 795.26307 0 0 1 1 NA
394 394 0  0.00000 798.98259 1.97825 797.00434 0 0 1 1 NA
395 395 0  0.00000 800.68002 1.69743 798.98259 0 0 1 1 NA
396 396 0  0.00000 803.03657 2.35655 800.68002 0 0 1 1 NA
397 397 0  0.00000 805.96610 2.92952 803.03657 0 0 1 1 NA
398 398 0  0.00000 808.22516 2.25906 805.96610 0 0 1 1 NA
399 399 0  0.00000 810.28280 2.05764 808.22516 0 0 1 1 NA
400 400 0  0.00000 811.81646 1.53366 810.28280 0 0 1 1 NA
401 401 0  0.00000 813.20758 1.39112 811.81646 0 0 1 1 NA
402 402 0  0.00000 814.93260 1.72502 813.20758 0 0 1 1 NA
403 403 0  0.00000 816.93545 2.00285 814.93260 0 0 1 1 NA
404 404 0  0.00000 818.62112 1.68567 816.93545 0 0 1 1 NA
405 405 0  0.00000 820.77121 2.15009 818.62112 0 0 1 1 NA
406 406 0  0.00000 822.55956 1.78835 820.77121 0 0 1 1 NA
407 407 0  0.00000 824.30132 1.74175 822.55956 0 0 1 1 NA
408 408 0  0.00000 826.26216 1.96085 824.30132 0 0 1 1 NA
409 409 0  0.00000 827.36048 1.09831 826.26216 0 0 1 1 NA
410 410 0  0.00000 829.18385 1.82338 827.36048 0 0 1 1 NA
411 411 0  0.00000 832.86713 3.68328 829.18385 0 0 1 1 NA
412 412 0  0.00000 834.77515 1.90802 832.86713 0 0 1 1 NA
413 413 0  0.00000 836.79826 2.02310 834.77515 0 0 1 1 NA
414 414 0  0.00000 839.91914 3.12089 836.79826 0 0 1 1 NA
415 415 0  0.00000 841.24328 1.32414 839.91914 0 0 1 1 NA
416 416 0  0.00000 842.57683 1.33355 841.24328 0 0 1 1 NA
417 417 0  0.00000 844.61447 2.03764 842.57683 0 0 1 1 NA
418 418 0  0.00000 847.06511 2.45064 844.61447 0 0 1 1 NA
419 419 0  0.00000 849.40945 2.34435 847.06511 0 0 1 1 NA
420 420 0  0.00000 851.05295 1.64350 849.40945 0 0 1 1 NA
421 421 0  0.00000 853.24846 2.19550 851.05295 0 0 1 1 NA
422 422 0  0.00000 854.98665 1.73819 853.24846 0 0 1 1 NA
423 423 0  0.00000 857.93765 2.95100 854.98665 0 0 1 1 NA
424 424 0  0.00000 860.07149 2.13384 857.93765 0 0 1 1 NA
425 425 0  0.00000 862.04924 1.97775 860.07149 0 0 1 1 NA
426 426 0  0.00000 863.74869 1.69945 862.04924 0 0 1 1 NA
427 427 0  0.00000 866.07383 2.32514 863.74869 0 0 1 1 NA
428 428 0  0.00000 867.46929 1.39546 866.07383 0 0 1 1 NA
429 429 0  0.00000 868.85204 1.38275 867.46929 0 0 1 1 NA
430 430 0  0.00000 870.95794 2.10590 868.85204 0 0 1 1 NA
431 431 0  0.00000 872.45365 1.49571 870.95794 0 0 1 1 NA
432 432 0  0.00000 874.78243 2.32878 872.45365 0 0 1 1 NA
433 433 0  0.00000 876.73135 1.94892 874.78243 0 0 1 1 NA
434 434 0  0.00000 878.22541 1.49407 876.73135 0 0 1 1 NA
435 435 0  0.00000 879.39881 1.17340 878.22541 0 0 1 1 NA
436 436 0  0.00000 881.13819 1.73938 879.39881 0 0 1 1 NA
437 437 0  0.00000 883.97890 2.84071 881.13819 0 0 1 1 NA
438 438 0  0.00000 885.52614 1.54724 883.97890 0 0 1 1 NA
439 439 0  0.00000 887.84607 2.31992 885.52614 0 0 1 1 NA
440 440 0  0.00000 889.89185 2.04578 887.84607 0 0 1 1 NA
441 441 0  0.00000 892.44433 2.55247 889.89185 0 0 1 1 NA
442 442 0  0.00000 894.91797 2.47364 892.44433 0 0 1 1 NA
443 443 0  0.00000 896.56398 1.64601 894.91797 0 0 1 1 NA
444 444 0  0.00000 898.96127 2.39729 896.56398 0 0 1 1 NA
445 445 0  0.00000 900.91490 1.95363 898.96127 0 0 1 1 NA
446 446 0  0.00000 902.68733 1.77244 900.91490 0 0 1 1 NA
447 447 0  0.00000 903.91851 1.23117 902.68733 0 0 1 1 NA
448 448 0  0.00000 905.67374 1.75523 903.91851 0 0 1 1 NA
449 449 0  0.00000 908.27040 2.59667 905.67374 0 0 1 1 NA
450 450 0  0.00000 910.29038 2.01998 908.27040 0 0 1 1 NA
451 451 0  0.00000 911.75897 1.46859 910.29038 0 0 1 1 NA
452 452 0  0.00000 913.62760 1.86863 911.75897 0 0 1 1 NA
453 453 0  0.00000 915.88620 2.25860 913.62760 0 0 1 1 NA
454 454 0  0.00000 917.92697 2.04078 915.88620 0 0 1 1 NA
455 455 0  0.00000 919.85867 1.93169 917.92697 0 0 1 1 NA
456 456 0  0.00000 921.44581 1.58715 919.85867 0 0 1 1 NA
457 457 0  0.00000 923.61351 2.16770 921.44581 0 0 1 1 NA
458 458 0  0.00000 926.18183 2.56831 923.61351 0 0 1 1 NA
459 459 0  0.00000 928.17314 1.99131 926.18183 0 0 1 1 NA
460 460 0  0.00000 929.59577 1.42263 928.17314 0 0 1 1 NA
461 461 0  0.00000 931.65446 2.05869 929.59577 0 0 1 1 NA
462 462 0  0.00000 933.07937 1.42491 931.65446 0 0 1 1 NA
463 463 0  0.00000 934.93228 1.85292 933.07937 0 0 1 1 NA
464 464 0  0.00000 936.15125 1.21897 934.93228 0 0 1 1 NA
465 465 0  0.00000 938.58707 2.43582 936.15125 0 0 1 1 NA
466 466 0  0.00000 940.74974 2.16267 938.58707 0 0 1 1 NA
467 467 0  0.00000 943.15852 2.40878 940.74974 0 0 1 1 NA
468 468 0  0.00000 945.04576 1.88724 943.15852 0 0 1 1 NA
469 469 0  0.00000 948.31565 3.26989 945.04576 0 0 1 1 NA
470 470 0  0.00000 949.84516 1.52951 948.31565 0 0 1 1 NA
471 471 0  0.00000 952.04898 2.20382 949.84516 0 0 1 1 NA
472 472 0  0.00000 954.28383 2.23486 952.04898 0 0 1 1 NA
473 473 0  0.00000 956.59142 2.30759 954.28383 0 0 1 1 NA
474 474 0  0.00000 958.44888 1.85746 956.59142 0 0 1 1 NA
475 475 0  0.00000 960.49859 2.04971 958.44888 0 0 1 1 NA
476 476 0  0.00000 963.83718 3.33859 960.49859 0 0 1 1 NA
477 477 0  0.00000 965.47051 1.63333 963.83718 0 0 1 1 NA
478 478 0  0.00000 968.19732 2.72681 965.47051 0 0 1 1 NA
479 479 0  0.00000 970.42104 2.22372 968.19732 0 0 1 1 NA
480 480 0  0.00000 972.50880 2.08776 970.42104 0 0 1 1 NA
481 481 0  0.00000 973.66946 1.16066 972.50880 0 0 1 1 NA
482 482 0  0.00000 977.13202 3.46256 973.66946 0 0 1 1 NA
483 483 0  0.00000 979.32180 2.18977 977.13202 0 0 1 1 NA
484 484 0  0.00000 980.79017 1.46838 979.32180 0 0 1 1 NA
485 485 0  0.00000 983.19291 2.40273 980.79017 0 0 1 1 NA
486 486 0  0.00000 986.05663 2.86373 983.19291 0 0 1 1 NA
487 487 0  0.00000 988.15460 2.09797 986.05663 0 0 1 1 NA
488 488 0  0.00000 989.73160 1.57700 988.15460 0 0 1 1 NA
489 489 0  0.00000 992.19199 2.46039 989.73160 0 0 1 1 NA
490 490 0  0.00000 993.59376 1.40177 992.19199 0 0 1 1 NA
491 491 0  0.00000 995.22324 1.62948 993.59376 0 0 1 1 NA
492 492 0  0.00000 997.12118 1.89794 995.22324 0 0 1 1 NA
493 493 0  0.00000 998.38495 1.26378 997.12118 0 0 1 1 NA
494 494 0  0.00000 1000.23593 1.85098 998.38495 0 0 1 1 NA
495 495 0  0.00000 1001.83734 1.60140 1000.23593 0 0 1 1 NA
496 496 0  0.00000 1004.07473 2.23739 1001.83734 0 0 1 1 NA
497 497 0  0.00000 1006.13748 2.06275 1004.07473 0 0 1 1 NA
498 498 0  0.00000 1008.41238 2.27490 1006.13748 0 0 1 1 NA
499 499 0  0.00000 1010.02395 1.61157 1008.41238 0 0 1 1 NA
500 0 2  2.29259 4.01629 1.72371 0.00000 1 0 1 1 NA
501 1 2  4.31450 5.14545 0.83094 0.00000 1 0 1 1 NA
502 2 1  5.90477 12.62061 6.71584 0.00000 1 0 1 1 NA
503 3 2  8.38246 10.67118 2.28872 0.00000 1 0 1 1 NA
504 4 2  10.04362 14.31514 3.64396 0.62756 1 0 1 1 NA
505 5 2  11.86707 15.89392 1.57878 2.44807 1 0 1 1 NA
506 6 1  14.30450 16.92547 2.62097 0.00000 1 0 1 1 NA
507 7 1  15.58946 21.06317 4.13770 1.33601 1 0 1 1 NA
508 8 2  17.76990 21.70457 3.93467 0.00000 1 0 1 1 NA
509 9 2  20.06882 23.26770 1.56313 1.63575 1 0 1 1 NA
510 10 2  22.34434 26.42931 3.16161 0.92336 1 0 1 1 NA
511 11 2  24.30991 28.06864 1.63932 2.11940 1 0 1 1 NA
512 12 2  26.01060 31.89381 3.82517 2.05804 1 0 1 1 NA
513 13 1  27.81498 31.27182 3.45684 0.00000 1 0 1 1 NA
514 14 1  31.06985 32.40834 1.13653 0.20197 1 0 1 1 NA
515 15 2  33.35288 34.40641 1.05353 0.00000 1 0 1 1 NA
516 16 1  35.20534 37.58228 2.37693 0.00000 1 0 1 1 NA
517 17 1  36.90397 38.46980 0.88753 0.67831 1 0 1 1 NA
518 18 2  39.13937 43.10665 3.96728 0.00000 1 0 1 1 NA
519 19 1  41.44091 42.66891 1.22800 0.00000 1 0 1 1 NA
520 20 1  43.44673 48.46126 5.01453 0.00000 1 0 1 1 NA
521 21 2  45.63864 49.04399 3.40535 0.00000 1 0 1 1 NA
522 22 2  47.64104 52.25801 3.21401 1.40295 1 0 1 1 NA
523 23 2  50.98712 54.51389 2.25589 1.27089 1 0 1 1 NA
524 24 2  53.76659 56.37457 1.86068 0.74731 1 0 1 1 NA
525 25 2  55.82210 63.88586 7.51128 0.55247 1 0 1 1 NA
526 26 1  57.65660 59.65785 2.00125 0.00000 1 0 1 1 NA
527 27 2  59.68800 67.62050 3.73465 4.19786 1 0 1 1 NA
528 28 1  62.08112 64.70213 2.62101 0.00000 1 0 1 1 NA
529 29 1  64.05604 68.78071 4.07858 0.64608 1 0 1 1 NA
530 30 1  66.24066 70.17810 1.39739 2.54005 1 0 1 1 NA
531 31 2  68.01726 69.28593 1.26866 0.00000 1 0 1 1 NA
532 32 2  69.74924 73.19454 3.44529 0.00000 1 0 1 1 NA
533 33 2  71.63043 78.75277 5.55824 1.56411 1 0 1 1 NA
534 34 2  73.72640 84.76677 6.01400 5.02637 1 0 1 1 NA
535 35 2  76.06965 88.29285 3.52608 8.69712 1 0 1 1 NA
536 36 2  78.68691 89.74222 1.44937 9.60594 1 0 1 1 NA
537 37 2  80.13014 91.63240 1.89018 9.61208 1 0 1 1 NA
538 38 2  82.21191 92.71575 1.08334 9.42049 1 0 1 1 NA
539 39 2  84.13422 93.42114 0.70539 8.58152 1 0 1 1 NA
540 40 1  87.65580 89.58644 1.93064 0.00000 1 0 1 1 NA
541 41 2  89.38190 96.12065 2.69951 4.03923 1 0 1 1 NA
542 42 2  91.75213 97.10127 0.98062 4.36852 1 0 1 1 NA
543 43 1  94.33671 96.63004 2.29333 0.00000 1 0 1 1 NA
544 44 2  96.00038 99.13298 2.03171 1.10089 1 0 1 1 NA
545 45 1  97.88699 100.30879 2.42181 0.00000 1 0 1 1 NA
546 46 1  100.27968 101.77549 1.46670 0.02911 1 0 1 1 NA
547 47 2  101.85405 104.89328 3.03922 0.00000 1 0 1 1 NA
548 48 1  103.95124 105.83703 1.88579 0.00000 1 0 1 1 NA
549 49 1  106.06156 108.89184 2.83029 0.00000 1 0 1 1 NA
550 50 1  107.25718 113.11632 4.22447 1.63466 1 0 1 1 NA
551 51 1  108.65271 115.45135 2.33503 4.46361 1 0 1 1 NA
552 52 2  110.67412 112.44380 1.76968 0.00000 1 0 1 1 NA
553 53 1  112.20743 117.49875 2.04740 3.24392 1 0 1 1 NA
554 54 2  115.11554 116.79959 1.68405 0.00000 1 0 1 1 NA
555 55 1  117.07461 119.69431 2.19556 0.42414 1 0 1 1 NA
556 56 2  118.51930 119.81190 1.29261 0.00000 1 0 1 1 NA
557 57 2  121.13298 122.18012 1.04714 0.00000 1 0 1 1 NA
558 58 1  123.04451 124.24100 1.19649 0.00000 1 0 1 1 NA
559 59 2  124.89290 127.09885 2.20595 0.00000 1 0 1 1 NA
560 60 2  127.51695 128.67099 1.15404 0.00000 1 0 1 1 NA
561 61 1  129.39085 132.78871 3.39786 0.00000 1 0 1 1 NA
562 62 1  131.09342 134.37723 1.58852 1.69529 1 0 1 1 NA
563 63 2  132.57204 136.27154 3.69950 0.00000 1 0 1 1 NA
564 64 1  134.69179 140.72421 6.03241 0.00000 1 0 1 1 NA
565 65 2  136.77834 137.86977 1.09143 0.00000 1 0 1 1 NA
566 66 1  138.57670 142.94275 2.21854 2.14751 1 0 1 1 NA
567 67 2  140.12428 141.61449 1.49021 0.00000 1 0 1 1 NA
568 68 2  142.51739 143.90886 1.39146 0.00000 1 0 1 1 NA
569 69 1  144.81939 149.11641 4.29702 0.00000 1 0 1 1 NA
570 70 2  147.36056 148.82925 1.46868 0.00000 1 0 1 1 NA
571 71 1  149.79608 152.39664 2.60056 0.00000 1 0 1 1 NA
572 72 1  152.62857 154.46353 1.83496 0.00000 1 0 1 1 NA
573 73 2  154.41196 159.75408 5.34212 0.00000 1 0 1 1 NA
574 74 2  155.99949 161.30173 1.54766 3.75459 1 0 1 1 NA
575 75 1  158.55045 160.93559 2.38514 0.00000 1 0 1 1 NA
576 76 1  161.96613 163.37280 1.40667 0.00000 1 0 1 1 NA
577 77 2  163.20444 165.81610 2.61166 0.00000 1 0 1 1 NA
578 78 1  165.61686 168.05768 2.44082 0.00000 1 0 1 1 NA
579 79 2  168.48755 170.35056 1.86302 0.00000 1 0 1 1 NA
580 80 2  170.90425 172.73514 1.83089 0.00000 1 0 1 1 NA
581 81 2  172.80257 174.34843 1.54586 0.00000 1 0 1 1 NA
582 82 1  174.61812 176.58162 1.96350 0.00000 1 0 1 1 NA
583 83 2  176.76133 181.20438 4.44305 0.00000 1 0 1 1 NA
584 84 1  178.31402 181.11870 2.80468 0.00000 1 0 1 1 NA
585 85 1  180.03769 182.11510 0.99641 1.08101 1 0 1 1 NA
586 86 1  181.88239 184.27070 2.15560 0.23271 1 0 1 1 NA
587 87 2  183.92050 187.51522 3.59472 0.00000 1 0 1 1 NA
588 88 1  185.25091 187.58344 2.33253 0.00000 1 0 1 1 NA
589 89 1  187.03142 189.43453 1.85109 0.55203 1 0 1 1 NA
590 90 2  188.54399 192.82114 4.27715 0.00000 1 0 1 1 NA
591 91 2  190.16978 195.67321 2.85207 2.65136 1 0 1 1 NA
592 92 2  192.10567 197.92902 2.25582 3.56754 1 0 1 1 NA
593 93 1  194.71550 198.16950 3.45400 0.00000 1 0 1 1 NA
594 94 2  196.44575 202.04971 4.12069 1.48327 1 0 1 1 NA
595 95 1  198.23529 201.18180 2.94651 0.00000 1 0 1 1 NA
596 96 1  199.62150 202.47663 1.29483 1.56030 1 0 1 1 NA
597 97 1  202.06612 205.74672 3.27009 0.41051 1 0 1 1 NA
598 98 2  204.38257 205.86411 1.48154 0.00000 1 0 1 1 NA
599 99 1  206.33477 209.31224 2.97747 0.00000 1 0 1 1 NA
600 100 1  207.57010 210.43719 1.12495 1.74214 1 0 1 1 NA
601 101 2  209.31735 212.89506 3.57771 0.00000 1 0 1 1 NA
602 102 1  211.17876 212.44381 1.26505 0.00000 1 0 1 1 NA
603 103 2  212.60547 215.67390 2.77884 0.28959 1 0 1 1 NA
604 104 1  214.40653 218.01815 3.61163 0.00000 1 0 1 1 NA
605 105 2  216.01162 217.35503 1.34341 0.00000 1 0 1 1 NA
606 106 2  217.93503 219.90057 1.96553 0.00000 1 0 1 1 NA
607 107 1  219.11605 220.26063 1.14458 0.00000 1 0 1 1 NA
608 108 2  220.81265 222.45868 1.64603 0.00000 1 0 1 1 NA
609 109 2  222.66440 224.87429 2.20989 0.00000 1 0 1 1 NA
610 110 1  224.37296 226.34171 1.96875 0.00000 1 0 1 1 NA
611 111 1  227.10994 230.96021 3.85027 0.00000 1 0 1 1 NA
612 112 2  228.94254 230.24702 1.30448 0.00000 1 0 1 1 NA
613 113 2  230.57900 233.64458 3.06558 0.00000 1 0 1 1 NA
614 114 2  232.38800 238.19626 4.55168 1.25658 1 0 1 1 NA
615 115 2  234.45982 241.27224 3.07598 3.73644 1 0 1 1 NA
616 116 2  236.56757 243.29358 2.02134 4.70466 1 0 1 1 NA
617 117 1  238.68460 240.54132 1.85671 0.00000 1 0 1 1 NA
618 118 2  240.22927 246.42608 3.13250 3.06431 1 0 1 1 NA
619 119 2  241.56401 249.22012 2.79404 4.86207 1 0 1 1 NA
620 120 2  242.77909 250.65482 1.43470 6.44103 1 0 1 1 NA
621 121 2  244.58277 253.87332 3.21851 6.07205 1 0 1 1 NA
622 122 2  246.18787 256.50840 2.63507 7.68546 1 0 1 1 NA
623 123 1  248.84091 252.40543 3.56453 0.00000 1 0 1 1 NA
624 124 2  251.68594 258.61468 2.10628 4.82246 1 0 1 1 NA
625 125 1  253.32105 255.17388 1.85284 0.00000 1 0 1 1 NA
626 126 1  254.97632 256.71740 1.54352 0.19757 1 0 1 1 NA
627 127 2  256.76256 260.26980 1.65513 1.85212 1 0 1 1 NA
628 128 2  259.40689 261.66384 1.39404 0.86292 1 0 1 1 NA
629 129 1  261.45172 264.06703 2.61531 0.00000 1 0 1 1 NA
630 130 2  264.08165 267.45234 3.37068 0.00000 1 0 1 1 NA
631 131 2  265.40078 269.14245 1.69012 2.05155 1 0 1 1 NA
632 132 2  266.97775 271.56786 2.42541 2.16470 1 0 1 1 NA
633 133 2  268.46254 273.19217 1.62431 3.10532 1 0 1 1 NA
634 134 1  270.44163 271.15838 0.71675 0.00000 1 0 1 1 NA
635 135 2  272.66599 275.07567 1.88350 0.52619 1 0 1 1 NA
636 136 1  274.54986 275.25358 0.70373 0.00000 1 0 1 1 NA
637 137 2  277.01673 278.76023 1.74350 0.00000 1 0 1 1 NA
638 138 1  279.27452 280.75123 1.47671 0.00000 1 0 1 1 NA
639 139 2  281.30651 283.63103 2.32452 0.00000 1 0 1 1 NA
640 140 2  283.60444 285.02693 1.39590 0.02659 1 0 1 1 NA
641 141 1  286.10590 288.94184 2.83594 0.00000 1 0 1 1 NA
642 142 2  288.19189 291.71955 3.52766 0.00000 1 0 1 1 NA
643 143 2  289.96665 297.79521 6.07566 1.75289 1 0 1 1 NA
644 144 1  292.35607 294.12612 1.77005 0.00000 1 0 1 1 NA
645 145 2  294.52938 300.34609 2.55089 3.26583 1 0 1 1 NA
646 146 1  296.05800 302.10521 6.04721 0.00000 1 0 1 1 NA
647 147 1  297.29798 303.32991 1.22470 4.80723 1 0 1 1 NA
648 148 1  299.15211 303.94107 0.61116 4.17780 1 0 1 1 NA
649 149 2  300.90375 302.64323 1.73948 0.00000 1 0 1 1 NA
650 150 1  303.02500 305.51549 1.57442 0.91607 1 0 1 1 NA
651 151 2  304.28371 305.34091 1.05720 0.00000 1 0 1 1 NA
652 152 1  306.41483 308.83101 2.41618 0.00000 1 0 1 1 NA
653 153 1  308.43310 310.59463 1.76362 0.39790 1 0 1 1 NA
654 154 2  310.73151 311.51282 0.78131 0.00000 1 0 1 1 NA
655 155 1  313.17767 316.73931 3.56164 0.00000 1 0 1 1 NA
656 156 1  315.22709 319.64794 2.90863 1.51222 1 0 1 1 NA
657 157 1  317.00657 321.49483 1.84689 2.64137 1 0 1 1 NA
658 158 1  318.74186 323.34922 1.85439 2.75297 1 0 1 1 NA
659 159 2  320.27190 321.99232 1.72042 0.00000 1 0 1 1 NA
660 160 2  322.11547 323.64500 1.52953 0.00000 1 0 1 1 NA
661 161 1  324.19786 326.68834 2.49048 0.00000 1 0 1 1 NA
662 162 2  326.32682 328.78851 2.46169 0.00000 1 0 1 1 NA
663 163 2  328.36376 330.78786 1.99936 0.42475 1 0 1 1 NA
664 164 2  331.07319 332.43151 1.35833 0.00000 1 0 1 1 NA
665 165 2  333.79173 338.29008 4.49835 0.00000 1 0 1 1 NA
666 166 1  336.79937 339.85509 3.05572 0.00000 1 0 1 1 NA
667 167 1  338.83508 341.38426 1.52917 1.02001 1 0 1 1 NA
668 168 2  340.45639 344.47370 4.01731 0.00000 1 0 1 1 NA
669 169 1  341.78441 346.74070 4.95629 0.00000 1 0 1 1 NA
670 170 1  343.91853 350.18662 3.44593 2.82216 1 0 1 1 NA
671 171 2  345.81526 349.10185 3.28660 0.00000 1 0 1 1 NA
672 172 1  348.55975 352.27369 2.08707 1.62688 1 0 1 1 NA
673 173 1  350.74694 355.82532 3.55162 1.52675 1 0 1 1 NA
674 174 1  352.31585 357.89226 2.06694 3.50947 1 0 1 1 NA
675 175 2  354.25794 357.53053 3.27259 0.00000 1 0 1 1 NA
676 176 2  356.05304 364.66067 7.13014 1.47749 1 0 1 1 NA
677 177 2  357.92558 365.43237 0.77170 6.73509 1 0 1 1 NA
678 178 1  360.04760 362.34722 2.29962 0.00000 1 0 1 1 NA
679 179 1  361.97468 363.86371 1.51649 0.37254 1 0 1 1 NA
680 180 1  364.54932 367.36417 2.81484 0.00000 1 0 1 1 NA
681 181 1  367.17221 371.02884 3.66468 0.19195 1 0 1 1 NA
682 182 1  369.00025 378.31122 7.28238 2.02860 1 0 1 1 NA
683 183 1  370.74756 384.79034 6.47912 7.56366 1 0 1 1 NA
684 184 2  372.83238 374.19470 1.36232 0.00000 1 0 1 1 NA
685 185 2  374.72477 377.33963 2.61487 0.00000 1 0 1 1 NA
686 186 1  377.01222 392.08414 7.29379 7.77813 1 0 1 1 NA
687 187 1  379.15195 393.52243 1.43829 12.93219 1 0 1 1 NA
688 188 2  381.62491 382.81423 1.18931 0.00000 1 0 1 1 NA
689 189 1  384.36761 395.30694 1.78451 9.15482 1 0 1 1 NA
690 190 2  386.47959 388.36644 1.88685 0.00000 1 0 1 1 NA
691 191 2  389.32941 391.02741 1.69800 0.00000 1 0 1 1 NA
692 192 1  391.28718 399.26264 3.95570 4.01976 1 0 1 1 NA
693 193 1  392.94746 401.45599 2.19334 6.31519 1 0 1 1 NA
694 194 1  395.10193 405.28780 3.83182 6.35406 1 0 1 1 NA
695 195 2  396.65068 398.26598 1.61530 0.00000 1 0 1 1 NA
696 196 1  399.11465 408.76711 3.47931 6.17315 1 0 1 1 NA
697 197 2  401.96743 404.26939 2.30196 0.00000 1 0 1 1 NA
698 198 2  403.13773 407.24267 2.97329 1.13166 1 0 1 1 NA
699 199 2  405.20357 410.41241 3.16973 2.03910 1 0 1 1 NA
700 200 2  407.03674 412.24335 1.83094 3.37567 1 0 1 1 NA
701 201 2  408.93107 416.06708 3.82373 3.31228 1 0 1 1 NA
702 202 1  411.30230 413.36492 2.06262 0.00000 1 0 1 1 NA
703 203 2  413.38028 418.99878 2.93170 2.68680 1 0 1 1 NA
704 204 1  415.17351 416.68754 1.51403 0.00000 1 0 1 1 NA
705 205 1  416.83545 417.57031 0.73486 0.00000 1 0 1 1 NA
706 206 1  419.34372 424.02880 4.68508 0.00000 1 0 1 1 NA
707 207 1  421.53405 427.20962 3.18082 2.49475 1 0 1 1 NA
708 208 1  423.34959 429.66575 2.45613 3.86004 1 0 1 1 NA
709 209 1  426.26374 431.13336 1.46761 3.40202 1 0 1 1 NA
710 210 2  428.45475 429.29478 0.84003 0.00000 1 0 1 1 NA
711 211 1  430.81526 431.89038 0.75702 0.31810 1 0 1 1 NA
712 212 1  432.69096 434.31343 1.62247 0.00000 1 0 1 1 NA
713 213 1  434.48287 438.24680 3.76393 0.00000 1 0 1 1 NA
714 214 2  436.18538 437.48993 1.30455 0.00000 1 0 1 1 NA
715 215 1  439.01383 441.79099 2.77716 0.00000 1 0 1 1 NA
716 216 1  441.50841 444.69922 2.90823 0.28258 1 0 1 1 NA
717 217 1  443.22134 445.61172 0.91250 1.47789 1 0 1 1 NA
718 218 2  445.64314 447.75582 2.11268 0.00000 1 0 1 1 NA
719 219 1  447.36802 450.16198 2.79396 0.00000 1 0 1 1 NA
720 220 2  448.80173 450.00526 1.20352 0.00000 1 0 1 1 NA
721 221 2  451.43215 452.71568 1.28353 0.00000 1 0 1 1 NA
722 222 2  453.27205 454.50397 1.23192 0.00000 1 0 1 1 NA
723 223 2  454.90617 458.78179 3.87562 0.00000 1 0 1 1 NA
724 224 1  456.58171 459.73670 3.15499 0.00000 1 0 1 1 NA
725 225 2  458.47655 460.08089 1.29909 0.30524 1 0 1 1 NA
726 226 1  460.59319 462.00142 1.40823 0.00000 1 0 1 1 NA
727 227 2  463.39902 465.78525 2.38624 0.00000 1 0 1 1 NA
728 228 1  465.48692 466.80122 1.31430 0.00000 1 0 1 1 NA
729 229 2  468.10001 471.14637 3.04636 0.00000 1 0 1 1 NA
730 230 2  470.85353 472.36808 1.22171 0.29284 1 0 1 1 NA
731 231 2  473.39940 475.37485 1.97546 0.00000 1 0 1 1 NA
732 232 2  475.78419 477.19594 1.41175 0.00000 1 0 1 1 NA
733 233 2  477.43548 482.46054 5.02506 0.00000 1 0 1 1 NA
734 234 2  479.40481 484.42647 1.96594 3.05573 1 0 1 1 NA
735 235 1  481.15010 483.03172 1.88162 0.00000 1 0 1 1 NA
736 236 1  482.68423 491.74337 8.71165 0.34749 1 0 1 1 NA
737 237 1  484.05766 492.42450 0.68113 7.68572 1 0 1 1 NA
738 238 2  485.11341 486.46686 1.35345 0.00000 1 0 1 1 NA
739 239 1  487.13149 495.03821 2.61371 5.29301 1 0 1 1 NA
740 240 2  489.57477 492.11317 2.53840 0.00000 1 0 1 1 NA
741 241 1  491.39129 498.45123 3.41303 3.64691 1 0 1 1 NA
742 242 2  493.66427 496.40572 2.74145 0.00000 1 0 1 1 NA
743 243 2  495.77260 500.53269 4.12697 0.63312 1 0 1 1 NA
744 244 2  497.90453 501.54292 1.01023 2.62816 1 0 1 1 NA
745 245 1  499.85355 501.40364 1.55009 0.00000 1 0 1 1 NA
746 246 2  501.74631 503.44570 1.69939 0.00000 1 0 1 1 NA
747 247 1  503.33003 505.31723 1.98720 0.00000 1 0 1 1 NA
748 248 1  505.86369 509.38518 3.52149 0.00000 1 0 1 1 NA
749 249 2  508.01686 511.84967 3.83281 0.00000 1 0 1 1 NA
750 250 2  509.25314 514.45547 2.60580 2.59653 1 0 1 1 NA
751 251 1  510.80088 514.94055 4.13967 0.00000 1 0 1 1 NA
752 252 1  512.56309 515.80844 0.86789 2.37746 1 0 1 1 NA
753 253 1  513.77678 517.44434 1.63590 2.03166 1 0 1 1 NA
754 254 2  515.35549 516.49990 1.14440 0.00000 1 0 1 1 NA
755 255 2  517.14943 523.02544 5.87601 0.00000 1 0 1 1 NA
756 256 1  519.04591 520.83604 1.79013 0.00000 1 0 1 1 NA
757 257 1  520.59149 521.65009 0.81405 0.24456 1 0 1 1 NA
758 258 2  522.92258 525.51809 2.49266 0.10286 1 0 1 1 NA
759 259 1  524.33987 526.14923 1.80936 0.00000 1 0 1 1 NA
760 260 1  526.30280 528.20492 1.90213 0.00000 1 0 1 1 NA
761 261 1  528.66878 531.65587 2.98709 0.00000 1 0 1 1 NA
762 262 2  530.63533 531.60719 0.97185 0.00000 1 0 1 1 NA
763 263 1  532.76095 538.51348 5.75253 0.00000 1 0 1 1 NA
764 264 1  534.60205 539.26929 0.75581 3.91143 1 0 1 1 NA
765 265 1  537.13801 542.24115 2.97186 2.13128 1 0 1 1 NA
766 266 2  538.76267 540.65414 1.89147 0.00000 1 0 1 1 NA
767 267 1  540.34954 544.31144 2.07029 1.89160 1 0 1 1 NA
768 268 2  542.88446 545.37371 2.48925 0.00000 1 0 1 1 NA
769 269 2  545.00228 547.93086 2.55715 0.37143 1 0 1 1 NA
770 270 2  547.35298 551.43832 3.50747 0.57788 1 0 1 1 NA
771 271 1  549.22121 550.33137 1.11016 0.00000 1 0 1 1 NA
772 272 2  550.81676 555.02260 3.58427 0.62157 1 0 1 1 NA
773 273 2  552.33514 557.57107 2.54847 2.68745 1 0 1 1 NA
774 274 1  555.02622 557.01545 1.98923 0.00000 1 0 1 1 NA
775 275 1  556.28464 558.88716 1.87170 0.73081 1 0 1 1 NA
776 276 2  557.64212 560.23584 2.59373 0.00000 1 0 1 1 NA
777 277 2  560.03776 561.47284 1.23700 0.19808 1 0 1 1 NA
778 278 1  561.94337 564.27325 2.32988 0.00000 1 0 1 1 NA
779 279 1  563.46970 568.33552 4.06227 0.80355 1 0 1 1 NA
780 280 2  564.94173 566.94752 2.00578 0.00000 1 0 1 1 NA
781 281 1  567.16696 570.47864 2.14311 1.16856 1 0 1 1 NA
782 282 1  569.51383 572.64144 2.16281 0.96481 1 0 1 1 NA
783 283 2  571.54427 572.81971 1.27544 0.00000 1 0 1 1 NA
784 284 2  573.55969 575.58376 2.02407 0.00000 1 0 1 1 NA
785 285 1  576.19724 578.73629 2.53904 0.00000 1 0 1 1 NA
786 286 2  577.85231 580.27847 2.42616 0.00000 1 0 1 1 NA
787 287 1  579.53473 582.54216 3.00743 0.00000 1 0 1 1 NA
788 288 2  581.08942 583.84497 2.75554 0.00000 1 0 1 1 NA
789 289 1  583.25026 586.02372 2.77346 0.00000 1 0 1 1 NA
790 290 1  586.07611 587.25463 1.17852 0.00000 1 0 1 1 NA
791 291 1  588.06765 591.43693 3.36928 0.00000 1 0 1 1 NA
792 292 2  590.57764 592.60515 2.02750 0.00000 1 0 1 1 NA
793 293 2  592.65566 595.00574 2.35008 0.00000 1 0 1 1 NA
794 294 2  594.74128 598.29162 3.28588 0.26447 1 0 1 1 NA
795 295 2  596.07753 600.26383 1.97222 2.21409 1 0 1 1 NA
796 296 2  598.43900 603.91952 3.65569 1.82483 1 0 1 1 NA
797 297 2  600.28193 608.05344 4.13392 3.63760 1 0 1 1 NA
798 298 1  602.62810 605.79528 3.16719 0.00000 1 0 1 1 NA
799 299 2  603.81208 610.97350 2.92006 4.24136 1 0 1 1 NA
800 300 1  605.57366 607.19075 1.39546 0.22162 1 0 1 1 NA
801 301 1  608.22030 609.08945 0.86915 0.00000 1 0 1 1 NA
802 302 2  610.14177 613.18736 2.21386 0.83173 1 0 1 1 NA
803 303 2  613.01803 615.95490 2.76754 0.16933 1 0 1 1 NA
804 304 2  615.27479 617.23787 1.28297 0.68011 1 0 1 1 NA
805 305 1  618.47520 621.15455 2.67934 0.00000 1 0 1 1 NA
806 306 1  620.39622 625.30695 4.15241 0.75833 1 0 1 1 NA
807 307 1  622.06745 627.26758 1.96063 3.23950 1 0 1 1 NA
808 308 1  624.49970 628.61725 1.34967 2.76788 1 0 1 1 NA
809 309 1  626.71507 629.89609 1.27884 1.90218 1 0 1 1 NA
810 310 2  628.69421 632.46608 3.77187 0.00000 1 0 1 1 NA
811 311 1  631.05001 634.60631 3.55630 0.00000 1 0 1 1 NA
812 312 1  632.95020 636.72411 2.11780 1.65612 1 0 1 1 NA
813 313 2  634.73722 638.15006 3.41284 0.00000 1 0 1 1 NA
814 314 2  636.76281 640.16506 2.01499 1.38725 1 0 1 1 NA
815 315 2  638.34777 642.07149 1.90643 1.81729 1 0 1 1 NA
816 316 2  640.76067 647.84705 5.77556 1.31082 1 0 1 1 NA
817 317 2  642.62967 650.83441 2.98736 5.21739 1 0 1 1 NA
818 318 1  645.11814 648.15562 3.03748 0.00000 1 0 1 1 NA
819 319 1  647.22953 649.30191 1.14629 0.92609 1 0 1 1 NA
820 320 2  648.52041 652.18457 1.35016 2.31400 1 0 1 1 NA
821 321 2  650.07554 654.60403 2.41946 2.10903 1 0 1 1 NA
822 322 2  651.90991 655.92536 1.32133 2.69412 1 0 1 1 NA
823 323 2  653.61882 656.72405 0.79870 2.30654 1 0 1 1 NA
824 324 2  655.47819 660.21223 3.48817 1.24586 1 0 1 1 NA
825 325 2  657.74737 661.69661 1.48438 2.46486 1 0 1 1 NA
826 326 1  659.88989 660.79029 0.90040 0.00000 1 0 1 1 NA
827 327 1  662.61355 665.06210 2.44855 0.00000 1 0 1 1 NA
828 328 2  664.52495 666.75013 2.22518 0.00000 1 0 1 1 NA
829 329 2  666.21725 667.89276 1.14263 0.53288 1 0 1 1 NA
830 330 1  668.51350 674.70423 6.19073 0.00000 1 0 1 1 NA
831 331 2  670.64282 673.22239 2.57957 0.00000 1 0 1 1 NA
832 332 2  672.88803 676.41103 3.18864 0.33436 1 0 1 1 NA
833 333 2  674.88205 681.43604 5.02501 1.52898 1 0 1 1 NA
834 334 1  677.03563 678.28177 1.24614 0.00000 1 0 1 1 NA
835 335 2  678.86955 685.78823 4.35219 2.56649 1 0 1 1 NA
836 336 2  681.65555 688.18713 2.39890 4.13268 1 0 1 1 NA
837 337 1  683.31847 684.44804 1.12957 0.00000 1 0 1 1 NA
838 338 1  685.62946 688.17279 2.54334 0.00000 1 0 1 1 NA
839 339 1  688.42095 689.82843 1.40748 0.00000 1 0 1 1 NA
840 340 1  690.09529 693.68275 3.58746 0.00000 1 0 1 1 NA
841 341 1  691.79754 695.91070 2.22795 1.88521 1 0 1 1 NA
842 342 2  693.22582 696.03276 2.80694 0.00000 1 0 1 1 NA
843 343 2  695.28042 699.83903 3.80627 0.75234 1 0 1 1 NA
844 344 2  697.25532 700.75997 0.92094 2.58371 1 0 1 1 NA
845 345 1  698.73618 700.08258 1.34640 0.00000 1 0 1 1 NA
846 346 1  701.78297 704.03803 2.25506 0.00000 1 0 1 1 NA
847 347 1  703.53925 705.42232 1.38429 0.49878 1 0 1 1 NA
848 348 2  704.64187 707.32049 2.67862 0.00000 1 0 1 1 NA
849 349 1  707.37804 708.94872 1.57068 0.00000 1 0 1 1 NA
850 350 2  708.38736 710.17207 1.78471 0.00000 1 0 1 1 NA
851 351 2  710.76022 715.70657 4.94636 0.00000 1 0 1 1 NA
852 352 1  712.74254 718.24771 5.50517 0.00000 1 0 1 1 NA
853 353 1  714.61028 719.35405 1.10633 3.63744 1 0 1 1 NA
854 354 2  716.29601 718.71561 2.41960 0.00000 1 0 1 1 NA
855 355 2  718.06233 722.04658 3.33097 0.65328 1 0 1 1 NA
856 356 2  720.03111 723.38776 1.34118 2.01548 1 0 1 1 NA
857 357 2  721.61914 728.40686 5.01910 1.76862 1 0 1 1 NA
858 358 2  723.71190 729.84027 1.43341 4.69497 1 0 1 1 NA
859 359 1  725.61877 726.99536 1.37659 0.00000 1 0 1 1 NA
860 360 1  727.72979 731.63671 3.90692 0.00000 1 0 1 1 NA
861 361 1  729.69810 734.44608 2.80937 1.93861 1 0 1 1 NA
862 362 1  731.34857 737.10656 2.66048 3.09751 1 0 1 1 NA
863 363 1  734.03752 738.51038 1.40382 3.06904 1 0 1 1 NA
864 364 1  736.58694 740.88985 2.37947 1.92343 1 0 1 1 NA
865 365 1  738.45736 743.30784 2.41799 2.43250 1 0 1 1 NA
866 366 2  740.64969 741.44170 0.79202 0.00000 1 0 1 1 NA
867 367 2  743.08411 744.38789 1.30379 0.00000 1 0 1 1 NA
868 368 2  745.85751 750.30510 4.44759 0.00000 1 0 1 1 NA
869 369 2  748.15211 753.08352 2.77842 2.15299 1 0 1 1 NA
870 370 1  749.95720 751.09281 1.13561 0.00000 1 0 1 1 NA
871 371 1  751.19015 753.68050 2.49035 0.00000 1 0 1 1 NA
872 372 2  754.12314 758.69095 4.56781 0.00000 1 0 1 1 NA
873 373 2  756.00170 762.11615 3.42519 2.68926 1 0 1 1 NA
874 374 2  757.72331 763.11905 1.00290 4.39284 1 0 1 1 NA
875 375 1  759.79166 761.25492 1.46326 0.00000 1 0 1 1 NA
876 376 1  761.82079 764.35901 2.53822 0.00000 1 0 1 1 NA
877 377 1  763.98648 766.45718 2.09817 0.37253 1 0 1 1 NA
878 378 2  766.62331 769.81199 3.18867 0.00000 1 0 1 1 NA
879 379 2  768.88143 772.09747 2.28548 0.93056 1 0 1 1 NA
880 380 1  771.42349 771.93508 0.51158 0.00000 1 0 1 1 NA
881 381 2  773.34239 774.63556 1.29317 0.00000 1 0 1 1 NA
882 382 1  775.86907 777.56954 1.70046 0.00000 1 0 1 1 NA
883 383 1  777.25175 780.60141 3.03187 0.31778 1 0 1 1 NA
884 384 1  779.44684 783.06799 2.46658 1.15457 1 0 1 1 NA
885 385 1  781.63407 784.29475 1.22676 1.43392 1 0 1 1 NA
886 386 2  783.62084 785.12731 1.50646 0.00000 1 0 1 1 NA
887 387 2  784.98788 789.79592 4.66862 0.13942 1 0 1 1 NA
888 388 2  786.92188 790.35825 0.56232 2.87404 1 0 1 1 NA
889 389 2  788.67311 791.54995 1.19170 1.68514 1 0 1 1 NA
890 390 2  791.30211 792.84415 1.29420 0.24784 1 0 1 1 NA
891 391 2  793.05968 794.45410 1.39443 0.00000 1 0 1 1 NA
892 392 2  795.26307 796.05609 0.79303 0.00000 1 0 1 1 NA
893 393 2  797.00434 798.91657 1.91223 0.00000 1 0 1 1 NA
894 394 1  798.98259 800.73871 1.75612 0.00000 1 0 1 1 NA
895 395 1  800.68002 803.40273 2.66401 0.05869 1 0 1 1 NA
896 396 1  803.03657 805.79232 2.38959 0.36615 1 0 1 1 NA
897 397 1  805.96610 808.04731 2.08122 0.00000 1 0 1 1 NA
898 398 2  808.22516 811.89668 3.67153 0.00000 1 0 1 1 NA
899 399 1  810.28280 812.40468 2.12188 0.00000 1 0 1 1 NA
900 400 2  811.81646 813.40520 1.50851 0.08022 1 0 1 1 NA
901 401 2  813.20758 814.58823 1.18303 0.19761 1 0 1 1 NA
902 402 1  814.93260 815.94242 1.00982 0.00000 1 0 1 1 NA
903 403 1  816.93545 822.57083 5.63537 0.00000 1 0 1 1 NA
904 404 2  818.62112 819.59696 0.97583 0.00000 1 0 1 1 NA
905 405 2  820.77121 822.82851 2.05730 0.00000 1 0 1 1 NA
906 406 2  822.55956 825.13855 2.31004 0.26895 1 0 1 1 NA
907 407 1  824.30132 827.57800 3.27668 0.00000 1 0 1 1 NA
908 408 2  826.26216 827.01846 0.75629 0.00000 1 0 1 1 NA
909 409 1  827.36048 830.68296 3.10496 0.21752 1 0 1 1 NA
910 410 2  829.18385 831.51138 2.32753 0.00000 1 0 1 1 NA
911 411 2  832.86713 835.37629 2.50916 0.00000 1 0 1 1 NA
912 412 2  834.77515 842.98854 7.61224 0.60114 1 0 1 1 NA
913 413 1  836.79826 838.08221 1.28396 0.00000 1 0 1 1 NA
914 414 2  839.91914 843.98500 0.99647 3.06939 1 0 1 1 NA
915 415 1  841.24328 842.02466 0.78137 0.00000 1 0 1 1 NA
916 416 2  842.57683 846.53071 2.54570 1.40817 1 0 1 1 NA
917 417 1  844.61447 848.49011 3.87564 0.00000 1 0 1 1 NA
918 418 1  847.06511 850.65230 2.16220 1.42500 1 0 1 1 NA
919 419 1  849.40945 857.89110 7.23879 1.24285 1 0 1 1 NA
920 420 1  851.05295 859.19110 1.30000 6.83815 1 0 1 1 NA
921 421 1  853.24846 860.49429 1.30319 5.94265 1 0 1 1 NA
922 422 1  854.98665 862.38019 1.88590 5.50764 1 0 1 1 NA
923 423 2  857.93765 861.10853 3.17088 0.00000 1 0 1 1 NA
924 424 2  860.07149 863.37029 2.26176 1.03704 1 0 1 1 NA
925 425 1  862.04924 864.45878 2.07858 0.33096 1 0 1 1 NA
926 426 1  863.74869 867.30980 2.85103 0.71009 1 0 1 1 NA
927 427 2  866.07383 867.83448 1.76065 0.00000 1 0 1 1 NA
928 428 1  867.46929 868.49486 1.02557 0.00000 1 0 1 1 NA
929 429 1  868.85204 870.95780 2.10576 0.00000 1 0 1 1 NA
930 430 2  870.95794 873.25195 2.29401 0.00000 1 0 1 1 NA
931 431 2  872.45365 874.58605 1.33410 0.79830 1 0 1 1 NA
932 432 2  874.78243 876.91460 2.13217 0.00000 1 0 1 1 NA
933 433 1  876.73135 879.67251 2.94116 0.00000 1 0 1 1 NA
934 434 1  878.22541 882.84200 3.16949 1.44710 1 0 1 1 NA
935 435 2  879.39881 882.42450 3.02569 0.00000 1 0 1 1 NA
936 436 2  881.13819 884.03864 1.61414 1.28631 1 0 1 1 NA
937 437 1  883.97890 885.24048 1.26158 0.00000 1 0 1 1 NA
938 438 1  885.52614 889.90398 4.37784 0.00000 1 0 1 1 NA
939 439 1  887.84607 891.40643 1.50244 2.05792 1 0 1 1 NA
940 440 2  889.89185 892.94072 3.04887 0.00000 1 0 1 1 NA
941 441 2  892.44433 895.69198 2.75126 0.49639 1 0 1 1 NA
942 442 2  894.91797 896.97280 1.28082 0.77401 1 0 1 1 NA
943 443 2  896.56398 900.08562 3.11282 0.40882 1 0 1 1 NA
944 444 1  898.96127 899.49201 0.53075 0.00000 1 0 1 1 NA
945 445 1  900.91490 902.33736 1.42247 0.00000 1 0 1 1 NA
946 446 2  902.68733 905.05830 2.37097 0.00000 1 0 1 1 NA
947 447 2  903.91851 907.06324 2.00493 1.13980 1 0 1 1 NA
948 448 2  905.67374 908.67655 1.61331 1.38950 1 0 1 1 NA
949 449 1  908.27040 910.22002 1.94962 0.00000 1 0 1 1 NA
950 450 2  910.29038 912.96704 2.67666 0.00000 1 0 1 1 NA
951 451 2  911.75897 914.24495 1.27791 1.20807 1 0 1 1 NA
952 452 1  913.62760 915.83717 2.20957 0.00000 1 0 1 1 NA
953 453 1  915.88620 918.19852 2.31233 0.00000 1 0 1 1 NA
954 454 1  917.92697 921.05016 2.85164 0.27155 1 0 1 1 NA
955 455 1  919.85867 924.39367 3.34351 1.19150 1 0 1 1 NA
956 456 2  921.44581 923.31247 1.86665 0.00000 1 0 1 1 NA
957 457 1  923.61351 926.74202 2.34835 0.78016 1 0 1 1 NA
958 458 1  926.18183 930.65609 3.91407 0.56019 1 0 1 1 NA
959 459 2  928.17314 929.35272 1.17958 0.00000 1 0 1 1 NA
960 460 1  929.59577 931.21023 0.55414 1.06032 1 0 1 1 NA
961 461 1  931.65446 933.76649 2.11203 0.00000 1 0 1 1 NA
962 462 1  933.07937 934.93568 1.16919 0.68713 1 0 1 1 NA
963 463 1  934.93228 936.08262 1.14694 0.00340 1 0 1 1 NA
964 464 1  936.15125 938.76885 2.61760 0.00000 1 0 1 1 NA
965 465 2  938.58707 942.27467 3.68760 0.00000 1 0 1 1 NA
966 466 1  940.74974 942.21842 1.46868 0.00000 1 0 1 1 NA
967 467 2  943.15852 946.75707 3.59855 0.00000 1 0 1 1 NA
968 468 2  945.04576 948.31952 1.56245 1.71131 1 0 1 1 NA
969 469 1  948.31565 950.37037 2.05473 0.00000 1 0 1 1 NA
970 470 1  949.84516 952.92793 2.55755 0.52521 1 0 1 1 NA
971 471 1  952.04898 955.36975 2.44182 0.87895 1 0 1 1 NA
972 472 2  954.28383 955.70701 1.42318 0.00000 1 0 1 1 NA
973 473 1  956.59142 958.69245 2.10103 0.00000 1 0 1 1 NA
974 474 1  958.44888 961.60535 2.91290 0.24358 1 0 1 1 NA
975 475 2  960.49859 962.23394 1.73535 0.00000 1 0 1 1 NA
976 476 1  963.83718 967.70094 3.86376 0.00000 1 0 1 1 NA
977 477 1  965.47051 974.15082 6.44988 2.23043 1 0 1 1 NA
978 478 2  968.19732 970.20840 2.01108 0.00000 1 0 1 1 NA
979 479 2  970.42104 972.77381 2.35277 0.00000 1 0 1 1 NA
980 480 2  972.50880 974.06781 1.29400 0.26500 1 0 1 1 NA
981 481 1  973.66946 979.75596 5.60515 0.48135 1 0 1 1 NA
982 482 1  977.13202 983.39046 3.63449 2.62394 1 0 1 1 NA
983 483 1  979.32180 985.72944 2.33898 4.06866 1 0 1 1 NA
984 484 1  980.79017 989.13674 3.40730 4.93927 1 0 1 1 NA
985 485 1  983.19291 990.64257 1.50583 5.94383 1 0 1 1 NA
986 486 1  986.05663 993.11990 2.47733 4.58594 1 0 1 1 NA
987 487 1  988.15460 995.61133 2.49143 4.96531 1 0 1 1 NA
988 488 2  989.73160 993.70918 3.97758 0.00000 1 0 1 1 NA
989 489 2  992.19199 996.03216 2.32298 1.51719 1 0 1 1 NA
990 490 1  993.59376 997.01713 1.40579 2.01757 1 0 1 1 NA
991 491 1  995.22324 998.38290 1.36577 1.79389 1 0 1 1 NA
992 492 2  997.12118 999.99183 2.87065 0.00000 1 0 1 1 NA
993 493 2  998.38495 1003.24347 3.25164 1.60688 1 0 1 1 NA
994 494 1  1000.23593 1001.66151 1.42558 0.00000 1 0 1 1 NA
995 495 1  1001.83734 1003.53424 1.69690 0.00000 1 0 1 1 NA
996 496 2  1004.07473 1006.29278 2.21805 0.00000 1 0 1 1 NA
997 497 2  1006.13748 1008.66807 2.37530 0.15530 1 0 1 1 NA
998 498 1  1008.41238 1008.96753 0.55515 0.00000 1 0 1 1 NA
999 499 1  1010.02395 1011.66493 1.64098 0.00000 1 0 1 1 NA
